%%MatrixMarket matrix array real general
% 
% This is a model file of Train_features,
%    generated by l1_logreg_train ver.0.8.2
% Contents of model:
%    entry   1   : intercept
%    entries 2..m: coefficients
% 
97 1
-9.664677993733575e-01
-2.859188091339114e-05
-3.829618544146651e-05
 0.000000000000000e+00
 0.000000000000000e+00
 0.000000000000000e+00
 0.000000000000000e+00
 0.000000000000000e+00
 0.000000000000000e+00
 0.000000000000000e+00
 0.000000000000000e+00
 7.388806826242984e-05
 0.000000000000000e+00
 1.196097607530957e-04
 0.000000000000000e+00
 0.000000000000000e+00
 2.046716336199268e-05
 0.000000000000000e+00
 1.271837418706792e-04
 3.255087660758287e-05
 0.000000000000000e+00
 0.000000000000000e+00
 0.000000000000000e+00
-2.456912854598873e-05
-7.618542177784459e-05
 0.000000000000000e+00
 0.000000000000000e+00
 0.000000000000000e+00
-1.493080530561025e-05
 0.000000000000000e+00
 0.000000000000000e+00
 0.000000000000000e+00
 7.085557524619944e-05
-6.537965346317257e-05
 0.000000000000000e+00
 0.000000000000000e+00
-1.107396089349782e-04
 0.000000000000000e+00
 0.000000000000000e+00
 0.000000000000000e+00
 0.000000000000000e+00
-1.076945923486374e-04
 0.000000000000000e+00
 0.000000000000000e+00
-1.589252206823605e-04
 0.000000000000000e+00
 6.222847079166252e-05
 0.000000000000000e+00
 0.000000000000000e+00
 0.000000000000000e+00
 0.000000000000000e+00
 1.681963085764164e-04
 0.000000000000000e+00
 1.869393897171458e-04
 0.000000000000000e+00
 9.680721636714743e-05
 0.000000000000000e+00
 0.000000000000000e+00
 0.000000000000000e+00
 0.000000000000000e+00
 0.000000000000000e+00
 0.000000000000000e+00
 2.753789767196549e-04
 0.000000000000000e+00
 0.000000000000000e+00
 1.287759628226087e-04
 8.944970101258360e-05
 3.386070104149766e-05
 2.603500181060114e-04
 1.932228498680807e-05
 0.000000000000000e+00
 1.427192012960149e-04
 0.000000000000000e+00
 0.000000000000000e+00
 6.172115892040811e-05
 0.000000000000000e+00
 0.000000000000000e+00
 0.000000000000000e+00
 0.000000000000000e+00
 0.000000000000000e+00
 0.000000000000000e+00
 0.000000000000000e+00
 0.000000000000000e+00
-2.035750993134660e-04
 0.000000000000000e+00
-6.735585647899562e-05
-1.281588814210723e-04
 0.000000000000000e+00
-3.407808192088875e-04
-6.003604063663074e-06
-1.827636847235596e-04
 0.000000000000000e+00
-2.701774298640583e-04
-2.292427223163539e-04
 0.000000000000000e+00
-7.519240484728710e-05
-2.722145021322030e-05
